current_fleet
---------------
Mean: 20.144578
Median: 19.000000
Var: 40.983113
std: 6.401805
MAD: 4.000000

bootstrapped>
mean: 20.14457831325301
lower: 19.3574297188755
upper: 20.951807228915662

std dev: 6.401805462179708
lower: 5.813052482819058
upper: 6.945998619626712


new_fleet
---------------
Mean: 30.481013
Median: 32.000000
Var: 36.831918
std: 6.068931
MAD: 4.000000

bootstrapped >>
std dev: 6.068930545150857
lower: 5.14273124574082
upper: 6.913965302149486


